   0.0000000000000000e+00   0.0000000000000000e+00   0.0000000000000000e+00
   1.1031569827078727e+00   0.0000000000000000e+00  -6.2922963378535712e-01
   2.2128426355029944e+00   0.0000000000000000e+00  -1.2468727447413954e+00
   3.3289352688485039e+00   0.0000000000000000e+00  -1.8528616013408055e+00
   4.4513124906099364e+00   0.0000000000000000e+00  -2.4471297500766127e+00
   5.5798512194769003e+00   0.0000000000000000e+00  -3.0296120227494470e+00
   6.7144276984602769e+00   0.0000000000000000e+00  -3.6002445436142239e+00
   7.8549175084636431e+00   0.0000000000000000e+00  -4.1589647363845046e+00
   9.0011955819271705e+00   0.0000000000000000e+00  -4.7057113310950029e+00
   1.0153136216542748e+01   0.0000000000000000e+00  -5.2404243708202927e+00
   1.1310613089038576e+01   0.0000000000000000e+00  -5.7630452182499425e+00
   1.2473499269031997e+01   0.0000000000000000e+00  -6.2735165621186013e+00
   1.3641667232948862e+01   0.0000000000000000e+00  -6.7717824234909330e+00
   1.4814988878007874e+01   0.0000000000000000e+00  -7.2577881619002795e+00
   1.5993335536268496e+01   0.0000000000000000e+00  -7.7314804813406539e+00
   1.7176577988740910e+01   0.0000000000000000e+00  -8.1928074361111811e+00
   1.8364586479556259e+01   0.0000000000000000e+00  -8.6417184365126190e+00
   1.9557230730195890e+01   0.0000000000000000e+00  -9.0781642543949914e+00
   2.0754379953777850e+01   0.0000000000000000e+00  -9.5020970285560651e+00
   2.1955902869399118e+01   0.0000000000000000e+00  -9.9134702699898867e+00
   2.3161667716532065e+01   0.0000000000000000e+00  -1.0312238866984742e+01
   2.4371542269473466e+01   0.0000000000000000e+00  -1.0698359090070269e+01
   2.5585393851844550e+01   0.0000000000000000e+00  -1.1071788596812837e+01
   2.6803089351140450e+01   0.0000000000000000e+00  -1.1432486436458888e+01
   2.8024495233327464e+01   0.0000000000000000e+00  -1.1780413054425566e+01
   2.9249477557486646e+01   0.0000000000000000e+00  -1.2115530296638440e+01
   3.0477901990501838e+01   0.0000000000000000e+00  -1.2437801413715491e+01
   3.1709633821790881e+01   0.0000000000000000e+00  -1.2747191064997068e+01
   3.2944537978078117e+01   0.0000000000000000e+00  -1.3043665322421361e+01
   3.4182479038206694e+01   0.0000000000000000e+00  -1.3327191674245157e+01
   3.5423321247989058e+01   0.0000000000000000e+00  -1.3597739028608856e+01
   3.6666928535093888e+01   0.0000000000000000e+00  -1.3855277716946318e+01
   3.7913164523967950e+01   0.0000000000000000e+00  -1.4099779497238117e+01
   3.9161892550791286e+01   0.0000000000000000e+00  -1.4331217557108786e+01
   4.0412975678463852e+01   0.0000000000000000e+00  -1.4549566516767001e+01
   4.1666276711622260e+01   0.0000000000000000e+00  -1.4754802431788747e+01
   4.2921658211684843e+01   0.0000000000000000e+00  -1.4946902795743142e+01
   4.4178982511923238e+01   0.0000000000000000e+00  -1.5125846542660526e+01
   4.5438111732559150e+01   0.0000000000000000e+00  -1.5291614049342513e+01
   4.6698907795884473e+01   0.0000000000000000e+00  -1.5444187137513978e+01
   4.7961232441402956e+01   0.0000000000000000e+00  -1.5583549075816464e+01
   4.9224947240992101e+01   0.0000000000000000e+00  -1.5709684581642946e+01
   5.0489913614083413e+01   0.0000000000000000e+00  -1.5822579822813822e+01
   5.1755992842859150e+01   0.0000000000000000e+00  -1.5922222419093671e+01
   5.3023046087464515e+01   0.0000000000000000e+00  -1.6008601443548940e+01
   5.4290934401232811e+01   0.0000000000000000e+00  -1.6081707423746195e+01
   5.5559518745922617e+01   0.0000000000000000e+00  -1.6141532342790882e+01
   5.6828660006964910e+01   0.0000000000000000e+00  -1.6188069640206450e+01
   5.8098219008718495e+01   0.0000000000000000e+00  -1.6221314212653837e+01
   5.9368056529732215e+01   0.0000000000000000e+00  -1.6241262414491004e+01
   6.0638033318012106e+01   0.0000000000000000e+00  -1.6247912058172844e+01
   6.1908010106291989e+01   0.0000000000000000e+00  -1.6241262414491018e+01
   6.3177847627305695e+01   0.0000000000000000e+00  -1.6221314212653837e+01
   6.4447406629059302e+01   0.0000000000000000e+00  -1.6188069640206450e+01
   6.5716547890101594e+01   0.0000000000000000e+00  -1.6141532342790896e+01
   6.6985132234791422e+01   0.0000000000000000e+00  -1.6081707423746195e+01
   6.8253020548559704e+01   0.0000000000000000e+00  -1.6008601443548940e+01
   6.9520073793165039e+01   0.0000000000000000e+00  -1.5922222419093657e+01
   7.0786153021940777e+01   0.0000000000000000e+00  -1.5822579822813822e+01
   7.2051119395032089e+01   0.0000000000000000e+00  -1.5709684581642932e+01
   7.3314834194621255e+01   0.0000000000000000e+00  -1.5583549075816464e+01
   7.4577158840139731e+01   0.0000000000000000e+00  -1.5444187137513978e+01
   7.5837954903465061e+01   0.0000000000000000e+00  -1.5291614049342499e+01
   7.7097084124100974e+01   0.0000000000000000e+00  -1.5125846542660526e+01
   7.8354408424339354e+01   0.0000000000000000e+00  -1.4946902795743142e+01
   7.9609789924401952e+01   0.0000000000000000e+00  -1.4754802431788747e+01
   8.0863090957560388e+01   0.0000000000000000e+00  -1.4549566516767001e+01
   8.2114174085232946e+01   0.0000000000000000e+00  -1.4331217557108786e+01
   8.3362902112056275e+01   0.0000000000000000e+00  -1.4099779497238103e+01
   8.4609138100930295e+01   0.0000000000000000e+00  -1.3855277716946318e+01
   8.5852745388035146e+01   0.0000000000000000e+00  -1.3597739028608871e+01
   8.7093587597817503e+01   0.0000000000000000e+00  -1.3327191674245157e+01
   8.8331528657946095e+01   0.0000000000000000e+00  -1.3043665322421376e+01
   8.9566432814233323e+01   0.0000000000000000e+00  -1.2747191064997054e+01
   9.0798164645522377e+01   0.0000000000000000e+00  -1.2437801413715491e+01
   9.2026589078537583e+01   0.0000000000000000e+00  -1.2115530296638426e+01
   9.3251571402696754e+01   0.0000000000000000e+00  -1.1780413054425566e+01
   9.4472977284883783e+01   0.0000000000000000e+00  -1.1432486436458873e+01
   9.5690672784179668e+01   0.0000000000000000e+00  -1.1071788596812851e+01
   9.6904524366550760e+01   0.0000000000000000e+00  -1.0698359090070269e+01
   9.8114398919492160e+01   0.0000000000000000e+00  -1.0312238866984742e+01
   9.9320163766625100e+01   0.0000000000000000e+00  -9.9134702699898725e+00
   1.0052168668224635e+02   0.0000000000000000e+00  -9.5020970285560651e+00
   1.0171883590582829e+02   0.0000000000000000e+00  -9.0781642543950056e+00
   1.0291148015646795e+02   0.0000000000000000e+00  -8.6417184365126190e+00
   1.0409948864728329e+02   0.0000000000000000e+00  -8.1928074361111953e+00
   1.0528273109975572e+02   0.0000000000000000e+00  -7.7314804813406539e+00
   1.0646107775801634e+02   0.0000000000000000e+00  -7.2577881619002795e+00
   1.0763439940307535e+02   0.0000000000000000e+00  -6.7717824234909187e+00
   1.0880256736699221e+02   0.0000000000000000e+00  -6.2735165621186013e+00
   1.0996545354698566e+02   0.0000000000000000e+00  -5.7630452182499283e+00
   1.1112293041948146e+02   0.0000000000000000e+00  -5.2404243708203069e+00
   1.1227487105409705e+02   0.0000000000000000e+00  -4.7057113310950029e+00
   1.1342114912756057e+02   0.0000000000000000e+00  -4.1589647363845046e+00
   1.1456163893756391e+02   0.0000000000000000e+00  -3.6002445436142239e+00
   1.1569621541654732e+02   0.0000000000000000e+00  -3.0296120227494612e+00
   1.1682475414541426e+02   0.0000000000000000e+00  -2.4471297500766127e+00
   1.1794713136717570e+02   0.0000000000000000e+00  -1.8528616013408197e+00
   1.1906322400052122e+02   0.0000000000000000e+00  -1.2468727447413954e+00
   1.2017290965331634e+02   0.0000000000000000e+00  -6.2922963378534291e-01
   1.2127606663602421e+02   0.0000000000000000e+00   0.0000000000000000e+00
