  -6.0638033318012099e+01   0.0000000000000000e+00  -1.0502815457785140e+02
  -5.9534876335304226e+01   0.0000000000000000e+00  -1.0565738421163675e+02
  -5.8425190682509104e+01   0.0000000000000000e+00  -1.0627502732259279e+02
  -5.7309098049163595e+01   0.0000000000000000e+00  -1.0688101617919220e+02
  -5.6186720827402162e+01   0.0000000000000000e+00  -1.0747528432792801e+02
  -5.5058182098535198e+01   0.0000000000000000e+00  -1.0805776660060084e+02
  -5.3923605619551822e+01   0.0000000000000000e+00  -1.0862839912146562e+02
  -5.2783115809548448e+01   0.0000000000000000e+00  -1.0918711931423590e+02
  -5.1636837736084921e+01   0.0000000000000000e+00  -1.0973386590894641e+02
  -5.0484897101469350e+01   0.0000000000000000e+00  -1.1026857894867169e+02
  -4.9327420228973523e+01   0.0000000000000000e+00  -1.1079119979610134e+02
  -4.8164534048980094e+01   0.0000000000000000e+00  -1.1130167113997000e+02
  -4.6996366085063237e+01   0.0000000000000000e+00  -1.1179993700134233e+02
  -4.5823044440004224e+01   0.0000000000000000e+00  -1.1228594273975168e+02
  -4.4644697781743602e+01   0.0000000000000000e+00  -1.1275963505919205e+02
  -4.3461455329271189e+01   0.0000000000000000e+00  -1.1322096201396259e+02
  -4.2273446838455833e+01   0.0000000000000000e+00  -1.1366987301436401e+02
  -4.1080802587816194e+01   0.0000000000000000e+00  -1.1410631883224637e+02
  -3.9883653364234242e+01   0.0000000000000000e+00  -1.1453025160640746e+02
  -3.8682130448612980e+01   0.0000000000000000e+00  -1.1494162484784128e+02
  -3.7476365601480033e+01   0.0000000000000000e+00  -1.1534039344483614e+02
  -3.6266491048538626e+01   0.0000000000000000e+00  -1.1572651366792167e+02
  -3.5052639466167541e+01   0.0000000000000000e+00  -1.1609994317466425e+02
  -3.3834943966871649e+01   0.0000000000000000e+00  -1.1646064101431028e+02
  -3.2613538084684620e+01   0.0000000000000000e+00  -1.1680856763227695e+02
  -3.1388555760525449e+01   0.0000000000000000e+00  -1.1714368487448984e+02
  -3.0160131327510260e+01   0.0000000000000000e+00  -1.1746595599156689e+02
  -2.8928399496221211e+01   0.0000000000000000e+00  -1.1777534564284846e+02
  -2.7693495339933975e+01   0.0000000000000000e+00  -1.1807181990027277e+02
  -2.6455554279805398e+01   0.0000000000000000e+00  -1.1835534625209655e+02
  -2.5214712070023033e+01   0.0000000000000000e+00  -1.1862589360646027e+02
  -2.3971104782918200e+01   0.0000000000000000e+00  -1.1888343229479770e+02
  -2.2724868794044138e+01   0.0000000000000000e+00  -1.1912793407508951e+02
  -2.1476140767220805e+01   0.0000000000000000e+00  -1.1935937213496018e+02
  -2.0225057639548247e+01   0.0000000000000000e+00  -1.1957772109461840e+02
  -1.8971756606389821e+01   0.0000000000000000e+00  -1.1978295700964013e+02
  -1.7716375106327241e+01   0.0000000000000000e+00  -1.1997505737359455e+02
  -1.6459050806088840e+01   0.0000000000000000e+00  -1.2015400112051191e+02
  -1.5199921585452934e+01   0.0000000000000000e+00  -1.2031976862719391e+02
  -1.3939125522127620e+01   0.0000000000000000e+00  -1.2047234171536537e+02
  -1.2676800876609137e+01   0.0000000000000000e+00  -1.2061170365366785e+02
  -1.1413086077019978e+01   0.0000000000000000e+00  -1.2073783915949434e+02
  -1.0148119703928675e+01   0.0000000000000000e+00  -1.2085073440066522e+02
  -8.8820404751529267e+00   0.0000000000000000e+00  -1.2095037699694508e+02
  -7.6149872305475759e+00   0.0000000000000000e+00  -1.2103675602140034e+02
  -6.3470989167792826e+00   0.0000000000000000e+00  -1.2110986200159761e+02
  -5.0785145720894738e+00   0.0000000000000000e+00  -1.2116968692064228e+02
  -3.8093733110471835e+00   0.0000000000000000e+00  -1.2121622421805786e+02
  -2.5398143092935830e+00   0.0000000000000000e+00  -1.2124946879050523e+02
  -1.2699767882798700e+00   0.0000000000000000e+00  -1.2126941699234241e+02
   1.7102934849683873e-14   0.0000000000000000e+00  -1.2127606663602425e+02
   1.2699767882799107e+00   0.0000000000000000e+00  -1.2126941699234241e+02
   2.5398143092936105e+00   0.0000000000000000e+00  -1.2124946879050523e+02
   3.8093733110472190e+00   0.0000000000000000e+00  -1.2121622421805786e+02
   5.0785145720895226e+00   0.0000000000000000e+00  -1.2116968692064228e+02
   6.3470989167793235e+00   0.0000000000000000e+00  -1.2110986200159759e+02
   7.6149872305476229e+00   0.0000000000000000e+00  -1.2103675602140034e+02
   8.8820404751529676e+00   0.0000000000000000e+00  -1.2095037699694505e+02
   1.0148119703928701e+01   0.0000000000000000e+00  -1.2085073440066522e+02
   1.1413086077020001e+01   0.0000000000000000e+00  -1.2073783915949434e+02
   1.2676800876609162e+01   0.0000000000000000e+00  -1.2061170365366785e+02
   1.3939125522127656e+01   0.0000000000000000e+00  -1.2047234171536536e+02
   1.5199921585452971e+01   0.0000000000000000e+00  -1.2031976862719391e+02
   1.6459050806088889e+01   0.0000000000000000e+00  -1.2015400112051191e+02
   1.7716375106327277e+01   0.0000000000000000e+00  -1.1997505737359454e+02
   1.8971756606389864e+01   0.0000000000000000e+00  -1.1978295700964014e+02
   2.0225057639548293e+01   0.0000000000000000e+00  -1.1957772109461838e+02
   2.1476140767220855e+01   0.0000000000000000e+00  -1.1935937213496018e+02
   2.2724868794044188e+01   0.0000000000000000e+00  -1.1912793407508950e+02
   2.3971104782918243e+01   0.0000000000000000e+00  -1.1888343229479770e+02
   2.5214712070023072e+01   0.0000000000000000e+00  -1.1862589360646025e+02
   2.6455554279805440e+01   0.0000000000000000e+00  -1.1835534625209655e+02
   2.7693495339934024e+01   0.0000000000000000e+00  -1.1807181990027276e+02
   2.8928399496221257e+01   0.0000000000000000e+00  -1.1777534564284845e+02
   3.0160131327510310e+01   0.0000000000000000e+00  -1.1746595599156689e+02
   3.1388555760525502e+01   0.0000000000000000e+00  -1.1714368487448982e+02
   3.2613538084684663e+01   0.0000000000000000e+00  -1.1680856763227695e+02
   3.3834943966871698e+01   0.0000000000000000e+00  -1.1646064101431027e+02
   3.5052639466167584e+01   0.0000000000000000e+00  -1.1609994317466423e+02
   3.6266491048538676e+01   0.0000000000000000e+00  -1.1572651366792167e+02
   3.7476365601480083e+01   0.0000000000000000e+00  -1.1534039344483612e+02
   3.8682130448613023e+01   0.0000000000000000e+00  -1.1494162484784125e+02
   3.9883653364234270e+01   0.0000000000000000e+00  -1.1453025160640748e+02
   4.1080802587816237e+01   0.0000000000000000e+00  -1.1410631883224639e+02
   4.2273446838455854e+01   0.0000000000000000e+00  -1.1366987301436401e+02
   4.3461455329271224e+01   0.0000000000000000e+00  -1.1322096201396258e+02
   4.4644697781743645e+01   0.0000000000000000e+00  -1.1275963505919202e+02
   4.5823044440004267e+01   0.0000000000000000e+00  -1.1228594273975166e+02
   4.6996366085063265e+01   0.0000000000000000e+00  -1.1179993700134230e+02
   4.8164534048980137e+01   0.0000000000000000e+00  -1.1130167113996997e+02
   4.9327420228973587e+01   0.0000000000000000e+00  -1.1079119979610131e+02
   5.0484897101469400e+01   0.0000000000000000e+00  -1.1026857894867167e+02
   5.1636837736084956e+01   0.0000000000000000e+00  -1.0973386590894638e+02
   5.2783115809548498e+01   0.0000000000000000e+00  -1.0918711931423590e+02
   5.3923605619551857e+01   0.0000000000000000e+00  -1.0862839912146561e+02
   5.5058182098535234e+01   0.0000000000000000e+00  -1.0805776660060084e+02
   5.6186720827402183e+01   0.0000000000000000e+00  -1.0747528432792799e+02
   5.7309098049163630e+01   0.0000000000000000e+00  -1.0688101617919219e+02
   5.8425190682509147e+01   0.0000000000000000e+00  -1.0627502732259278e+02
   5.9534876335304254e+01   0.0000000000000000e+00  -1.0565738421163674e+02
   6.0638033318012134e+01   0.0000000000000000e+00  -1.0502815457785138e+02
